1.1515312257130526
0.8413570447550606
0.9100527504556317
0.941023182418429
1.1998576709829687
0.8806643642787447
1.1731018486188354
0.8170053959489977
1.2261595287431968
0.9515574734603609
1.1316022990380457
1.15003652083099
1.101110373955735
1.1619072541047464
1.0799560509365138
0.877131980700365
1.3000734331677775
0.967366675529365
1.1275775506041903
0.9765109156488311
1.0583488222725213
0.891463134877398
1.1575075524195855
0.9491123842401137
1.0140729725335422
1.1252781297482248
0.9544204990971701
1.084550174931306
0.897784713327495
1.2080090397955934
0.8114910046557529
1.1566121411424657
0.9713707170492132
0.9926994452190091
1.0945081032844548
1.017040931618147
1.1998185021134322
0.9742232403129785
1.2003085743102195
0.9970920128852915
1.0261376809714813
1.084854948086814
1.0489088949260506
0.913104879754269
1.072496500129426
0.9088867100920759
1.095538882367167
1.000986303339164
1.202310341330844
1.1746558060296968
1.0453183931686139
1.2355719501460007
1.1003915086386844
1.1103070282953165
1.0218066759990734
1.1796549986846936
0.935951163734752
0.9737756119018272
1.110137233897312
0.9167516549516476
1.047389304181211
0.8063935119980454
1.0185488556468936
0.6994077301049715
0.9578847934702276
0.9959727932253708
0.7829866204935245
0.8755398858143351
1.0651856111966658
0.8531930244478793
1.0777671582812975
0.8920930768717432
1.0940428824976212
0.819722321999724
1.1032757732507141
1.0374873035664407
1.112948346828479
1.1920453229117554
1.2087743714124901
1.1181666841879638
1.0916284728203767
1.0210867177975647
1.146657456225176
0.851522451903534
0.9903644550967649
0.9325063559026818
0.8499968663073023
0.9733839265121318
0.6796928310210002
0.6134879533403375
0.638172080250631
0.9299856923727554
0.7622789732822771
1.0145580533055059
0.7903260062974177
0.9068312891963338
0.8741043075695486
0.36485659953246435
0.8226600012844784
1.169358699813446
0.46052751929754554
1.2351609925532858
0.6307437540666965
1.2374456369703624
1.3068790271619906
0.715696870895399
0.9856792832544465
0.931570969105218
0.8043867892127784
0.877598161265348
0.7567322326614545
0.9360034019601654
0.7754584109061112
0.9100542208423018
0.8445323103966189
0.8293898273552617
0.8561602509060774
1.0726426215083606
0.7650417845612748
0.9840998488598577
0.8661695945780931
0.7376023789219823
0.7360026473421752
0.8581518857652511
0.7736686986996493
1.0449520677241668
0.8839631916136445
0.8576488899889818
0.884632459462216
0.8111450490161215
0.7442465267646512
0.861102723998842
0.7051620137392232
0.9328584832045579
0.8561291652618828
0.7253121367471983
0.8801513157824006
0.8124698927841976
0.9140456969797777
0.7305235642240911
0.7266465538416678
0.5586502603438097
0.8993658042841275
0.6462529771544596
0.8394979116256419
0.7560209586478314
0.8016287181965903
0.9750944264290842
0.8049073499908134
0.8281661569327372
0.7606595824663094
0.7585392075014057
0.7703851125542224
0.8417821638577757
0.7953023527991532
0.7159101920119766
0.8403778208360647
0.6665041050219067
1.0801948239475223
0.6685017960701995
0.7383740460407032
0.5845498508484962
0.848392121333609
0.5736131766938546
0.8366729957459391
0.8823412306332288
0.7478191946092947
0.7359810702360337
0.6172621665351545
0.8550652599970383
0.6957388154058817
0.7220571541515577
0.419535730406808
0.6320952501292795
0.9831757255553095
0.7395022754419468
0.9999040956478737
0.6722219129009591
0.8516632959880948
0.8798631554402367
0.5168947752532861
0.5168947752532861
0.8624126416433023
0.8161860840575854
0.7874979263880256
0.8371820903446882
0.7256873535874033
0.8254830270749585
0.7438785277718607
0.8922326214923308
1.030476382816607
0.7969086020857284
0.7787735521273089
0.9451763376826432
0.9221052543995878
0.8051166655838777
0.57693462983554
0.57693462983554
0.9000604791886399
0.9000604791886399
0.7228332814366079
0.762686499801071
0.762686499801071
0.7773566345581058
1.0746612955109218
1.1168789573087052
0.8848773667011594
0.8852611099510594
0.9775775886042964
0.8127175939955278
0.8755320305097106
0.8569295390948961
0.8047540195188562
0.7811038834743278
0.7797405705414255
0.7042276927646665
0.8345127819541811
0.933302869543826
0.9961827532875852
0.9746755165262864
0.9610500619235294
0.9848102713721976
0.9133865154516728
0.8092618952675017
0.9632643242880693
1.0403578600201033
1.0207507448476278
0.7892572725819001
0.9759967881868747
1.0144832395278605
0.6367242440694436
0.9289919519744819
0.9382316720418318
0.5874668047325029
0.7646942278634161
0.9843757927064816
0.31083524786362193
1.0928853766666697
0.5614384474567822
0.7407116425507275
0.3007271364252494
0.6558941606450635
0.7793993801642645
0.7832182231337881
0.3871885481203743
0.7709712240988037
0.9557305642056294
0.7395161556224049
0.844976015242308
0.8185374307984228
0.638362323066252
0.6819428076356192
0.6838024803915959
0.6899363225972154
0.6658621333320494
0.6985041260481043
0.7830448236497682
0.7765198432506943
0.7739566163344701
0.7681783370997357
0.7115377411938836
0.8515716809845798
0.7653541823525571
0.9605033068175501
0.8551336370502174
1.0187792915360039
0.6764910750139912
1.1998824732004634
0.722812824485229
1.155346354690187
0.9547287295029802
0.957912916615289
1.035207144507329
0.8785279787291339
1.0935466249539212
0.7715754483650046
0.9627073600714605
0.904810556974237
0.7895639011807191
0.8033986963338691
1.0959289311552405
1.0057669110562497
0.9989269514229745
0.9856519576227606
1.1371513781359945
0.835759231160679
1.0938278674223452
0.7853818686432881
1.1464193468079849
0.7145946143647256
0.9902889133639349
0.9339435962500775
0.8686505480999815
0.8595635996830997
0.8980364477097318
0.7991732038656469
0.7909827880333511
0.9096256687173746
0.905048401917763
1.0812446326950902
0.9894748753661224
0.8325625336255307
0.9818314095494743
0.6138586685713232
1.1703196057508185
0.935846938245185
0.8339384125508567
0.6515746689642166
0.8704450090140082
1.0450763619240053
0.8807245757116386
0.7891266982372662
0.8263431903700147
0.7540713972866333
0.5545238434037135
0.6799482707551899
0.8607842355185189
0.8322921940871262
0.6138267381920129
0.7425657537451544
0.8870139648019648
0.9984587337953097
0.9044113081551921
0.9369099501334288
1.028567777033912
0.9489586587243289
0.9652055318973001
1.1083627003996623
0.9808147899223914
1.0077443547267053
0.8805887347117003
0.9529738894619795
0.8714576907665311
0.963350672095922
0.9446006554890627
1.2764050425714264
0.9624875804775489
1.0819821072943214
0.8446097434009119
0.9582321463502896
0.8531123470113113
1.0479088054417893
0.6752296530906401
0.978777996437391
0.8027026185824813
1.2259838916944892
0.8576948208930376
1.070458522538476
1.012039608658014
1.1096995505766416
0.885820550195348
1.6434341701719606
0.9516579721939898
1.4295867025373057
0.7207277888649861
1.0891570070967735
0.7746919488528263
1.1075917998615905
0.9633499195137998
0.7863824458635971
1.0208794417913523
0.8192789399620366
0.8066410928041453
0.7709914567709841
0.6204221929248475
0.7504687009759214
0.8275853897699166
0.728674437342542
0.5928325840772188
0.994787755786926
0.7312125733057804
0.9092785753050748
0.7447380814899573
1.004677912199127
0.7307726118657527
1.090197065636826
0.9283272482550322
0.994452046612623
0.5982615723048732
0.85521196972602
0.7434076811956898
0.821514937467007
0.8590883946200425
0.8594186517385107
0.9095470058272221
0.8872008814669836
1.062601481328836
0.8132468095571694
1.076166564749598
0.8434300366355838
0.8239950145725581
0.6411167948713623
0.24484741283060907
0.67186748686157
0.6568071510217341
0.7268731261598278
0.34149822540396957
0.7209525553492256
0.5804494102748213
0.7805578762865553
0.6832835457446949
1.0232455638387057
0.5874454320200512
0.5874454320200512
0.8521056765575492
0.7687360420245437
0.9330500617545351
0.8717761450903465
0.6779966205026152
0.7731608191734942
0.37866954333291014
0.5769530153002322
1.0190905442876281
0.6305990756022073
0.9627787271505908
0.5110850382367501
0.4214143450234039
0.5134045098247442
0.6206027760936526
0.6449217942166428
0.6449217942166428
0.8532873010388062
1.0175524948637846
0.7645545532879421
0.7981072861810424
0.6868070405692879
0.6927590892373743
0.9042000107434113
0.9420709514973216
0.9525460389383925
0.9532200507709443
0.7863127562206762
0.7841608333123646
0.8901492377515885
0.912904345395346
0.7327412459341857
0.6303371535531594
0.818700243909677
0.6787585811344117
0.6825641130624781
0.8254078426457501
0.7662763997973077
0.8433256568416401
0.8432480967618254
0.8666776684107704
0.6514551325804006
0.7478806853731165
0.8536514906793358
0.6758080240866997
1.043906312898534
0.7408458711871544
1.000297546719847
0.9666247073041154
0.7145659886417144
0.7173276812711531
0.45776313640363786
0.9272011617293845
0.9227097860850524
0.7809934646947185
0.937240540985159
0.8955859524197848
0.7900267676225824
0.7842938529010168
0.7838777866898521
0.8370750312202844
0.8781436430484745
1.0528140997672404
0.8945237866258002
1.103087894152113
0.7793399098583806
1.0482746770525582
0.7686891028926491
1.2683026828067807
0.8925641484610507
0.9802002844977068
0.8800312082416178
0.7699697986764051
1.1947318827675135
1.0970411816360075
1.31719957254986
1.3156232823177387
1.166707441543048
1.1163432382148117
1.1465832917043473
1.152459176166336
1.0182863465397256
1.011379866525183
1.1719930504670897
0.7333709002368006
1.0089095891742077
1.0100422556507151
1.0745672358622693
1.113211008653171
0.8854147665457943
1.1692191854527665
0.8695654755957081
0.821505913857161
0.9571575925310061
1.0847408231956368
1.2727861710589756
0.9381559728207765
0.8996606050337448
0.957819520814976
1.0972297802663926
0.9348570081297453
1.2752211060295648
0.8766760764979289
1.0901733219012915
0.7231380011191597
0.6306311780108554
0.7642201265246084
0.7266301583849961
0.7747696174650924
0.5719234754629349
0.7325542482138219
0.8810494198560016
0.8825156044776999
0.7604315865441459
1.0007351394143083
0.7640348325587177
1.0954675600670623
0.599871177506466
0.9930188541006293
0.770265464879313
0.8384382416694113
0.9087221900578708
0.8968145993348459
0.9672968236813089
0.8101330025571004
1.0871085877257003
0.731865979073727
1.1208536799205446
0.9087166873337724
1.1841356607083133
0.8947735824023999
1.2581253898504345
1.194918664638441
1.1706656402266211
1.0934857377996001
1.2483122143026282
0.8019443036879501
1.0984645046728931
1.0175162035677734
0.9545380169750081
0.7874435935424677
0.9124488247878333
1.030554262255455
0.7162791016204046
0.8917810309029999
0.7574477806793756
0.8635899871181525
0.6789615662782045
0.8756646020481333
0.6050283619187551
0.8949691703689935
0.6896555143517
0.9909429448692478
0.7750657594271356
0.9170602749442165
0.7371011874891953
0.801575003376584
0.8398916752442087
0.8115841027041508
0.8793215585155023
0.9231902571884258
0.9598057517203329
0.9500663312407737
0.9992812810569749
0.9537946645264203
0.9713432833002655
1.0342660535504469
1.065947082908934
0.9363931260861347
0.9357073745026394
0.9305882260157332
0.9986834464388535
0.9769934399824547
0.9634059921943755
0.903240099403064
1.0843231643053424
0.9157205446374084
1.050123002966012
0.8003870783662432
1.1126152724367007
0.8093218009687755
0.8663368085594993
0.8261614002925601
1.1001142655875367
0.8595963086653615
1.0627698042218885
0.8005792340566833
1.104224381373367
0.8690140760878897
1.0245257180820515
0.77118710373036
1.01427165886156
0.833612554696903
1.090500517067336
0.9010258250118987
1.192809908586307
0.8114913928620261
1.0728978450173687
1.043115498145307
1.041915678914985
0.9641478208980724
0.9132193383748821
0.8046495685679351
1.0310349077195666
0.9588837338985161
1.1603541244509468
0.8403892015668077
1.0411006517097385
1.0144897250615577
1.0208763104119483
1.0557954443049682
1.1672979849778358
0.9627803840143239
1.1016113715276088
0.9864153913465398
0.9973202087628554
1.042965906596061
1.1108106800440967
1.0963848797673441
1.1109640493032562
1.1418549230278292
1.094257643058823
1.160226594938717
0.8989291928106486
1.2376766151615728
1.0656135319022075
0.9695037457705712
0.8475596493731169
0.9480055903889248
0.810888928725225
0.8402475172893746
0.5802095982478834
1.1665934537613463
0.5134241245923103
1.3645007456734453
0.7332352362762524
0.9346122693195484
0.9290472782114196
0.973884544287886
1.0065401307946913
0.8102367166913667
0.7086047238442426
1.0240942733162215
0.6268616105337594
1.0089870508873804
0.5051279424132176
0.8336359419230834
0.6289592048291364
0.44748986576205707
1.034635915982533
0.6191024530460852
0.6765324784124687
0.5611869797790238
0.4546200232421249
0.27581119940139387
0.3408717504193284
0.3235437645585141
0.1930636003749906
0.24677179054257903
0.5106670012378242
0.7287787679825325
0.9660435784242386
0.70434765445092
1.049611895138511
0.6098784528541228
0.815537691407339
0.7795204993520026
0.9862457176149962
0.9120986811697875
1.0672468632979204
0.7588672361115596
0.9562050168734804
0.7258656867546551
0.8896906684229178
0.9688845229968699
0.7595758095004782
1.0808691464812448
0.9237618335298424
0.8509579395899061
0.7546056225660592
0.6687433276480165
0.7859986582641809
0.7786562481038621
0.9689244253032026
0.8167780011617052
0.9378872661329929
0.6170938236487586
0.9214728206297216
0.7880970125527843
0.9058971888642428
0.767719892101579
0.9963843215251688
0.6789024026902235
1.0829936935441942
0.9406209668783003
1.115121595061189
0.7779738068762811
1.0370103328409674
0.5180553081744905
1.0305316989044935
0.8156375929030519
1.0599917061236712
0.7410033410595309
1.0509842728800574
0.7184978607079515
1.0386157336629647
0.8107707044193428
0.9724792876140755
0.8182280092802241
1.1480406252229276
0.7532858283308753
1.122322530146787
0.9501029187856893
0.97455849800076
0.8781386497787991
0.9270531972952915
0.9491470908851489
0.9016415375033098
0.8860409563696289
0.898184641276557
0.9672488189195584
0.8233984425631401
0.9360608540161437
0.8565354309065025
0.8304364617432889
0.7268064510527154
0.8092318453656021
0.8151026798449412
0.788966128698906
0.61438175836642
0.7370543010692326
0.8403373419442799
0.834190665309954
0.9204762219536373
1.0079525316284594
0.7830436319218629
0.8601991687006807
1.1901053923615397
1.0130007289615919
1.147059298879091
0.7649207241134974
1.3562808646591562
0.530471072721197
1.0803294355513913
0.9008625243455848
1.0621149318548928
0.8284769944987405
0.6977087914490204
0.856876276333724
0.9767127529242462
0.8233325385173242
0.6965837629822355
0.4424642849935303
0.7747864089442296
0.8016618239026164
0.8078451403568156
0.8938348871623487
0.8965803811030666
0.6758200402607957
0.7965564453130975
0.7150415692628259
0.9657780487773706
0.6956853103709244
0.864360901610963
0.5216264865783735
0.919105541701847
0.8334036969373179
0.9278176936834708
0.8078610183618297
0.9528801260077218
0.5928480543532488
1.1833415854039417
0.5596355055349328
0.8879199435850003
0.7888748037281414
0.6699273327834239
0.8913518414476409
0.6423811652380921
0.8644410216901175
0.9222437404060233
0.7098512925757704
0.6870686843898075
0.908496115415343
0.7227457209357743
0.970709047610011
0.9290561284215448
0.8762761794026672
0.9457353868222413
0.7753279441428997
1.0608325537565562
0.8368300734844927
0.9843485773476055
0.8332517725873405
0.9544986239248077
0.7537309907622451
0.9929745749759977
0.8334176473415762
0.9377821318965847
0.7447302447241033
0.8968319431258085
0.5762464310854178
1.1771514828069862
0.8290226156627174
0.9099551988034165
0.9622084403048821
0.7164048443198181
1.152888382492029
1.0777427721145203
0.7216037874079353
0.9551534690808507
0.9145125004457966
0.977808069259601
0.8395423399886495
1.0383646893419667
0.9274570967187561
0.8882487651718232
0.8598395222455744
1.021234099556114
0.9052928931928186
0.9367419527536631
0.9302133955579523
0.9088266951091073
1.0017725815329488
1.0868322118286755
0.9671723880093148
0.8096436860634092
0.9417329192536137
0.92510138412831
1.0976216488610513
1.0479168945280093
1.0038165347028754
1.2394375455637758
0.7486135258641959
0.9971657538258474
0.9176471927690952
1.0526547823303218
1.0372393905257105
1.1467119864362578
1.0602219116234026
1.1009604430448072
1.0634419335816092
1.0545225373669
1.135934473643713
1.0214489627081793
1.1219955082522466
1.2470437617086896
0.9818141085296654
1.024286881479391
0.7924703027137704
1.1308634327551688
0.9671511654686835
1.1449107997788808
1.045001448726801
1.0083934363016436
1.014970708133772
1.0558405382580518
0.9881241860694709
0.9633804424967598
0.9256011163777784
0.797997572387096
1.0216636553886422
0.6504838135173068
1.2888145536004947
0.8795538200804947
0.9852287508090352
0.7994764691567622
0.9316988864381386
0.7456415249362219
0.8786747825156572
0.7865554971683609
0.7234197789453293
0.804934245286597
0.9716719887505698
0.7962096284557802
0.888681752263618
0.7994886993710637
0.8223512842388834
1.1356826804993478
0.6661527059163268
0.8199071986407509
0.898839348158159
0.949728695645923
0.6934076784097001
0.761864043155315
0.5501503416882821
1.048250036473014
0.5830381292940873
0.7063638573409556
0.39637495101756115
0.7846496415386346
1.0045117563819548
0.9459887749124294
1.1032187642433466
0.8089156611586537
1.0955489234863194
0.8855668760958473
0.9672314348066585
0.9546252646973965
0.8599705435528633
0.9159265282089515
0.7471905719585357
0.752095762069104
0.9914290909237693
0.7584027740934869
0.7124280379086412
0.9761188816922105
0.9231320605988687
0.8699050563682758
0.7908277488105099
0.8522268235280303
0.7985360027606772
1.0750678050199736
1.0248222744703264
0.9691962743188612
0.6838761072786574
0.5020728788183676
0.9401903412898552
0.4627196713652751
0.8205618495567298
0.6043922895814058
1.0784521728521548
0.567231644427263
0.8483749209531745
0.4800871227967831
0.6506058283937542
0.5152252670441302
0.49128656212204697
0.9269704250341395
0.6518127591098625
0.6971161540097098
0.3168367968338828
0.36797420374892087
0.8595472275753534
0.7007691524371366
0.5691264466169388
0.687192900353153
0.750357167093602
0.7890908922437387
0.8027941165152215
1.0579020416264897
0.8499970870208172
1.154610108255139
0.973607358649601
1.1401456445212046
0.9213724454130955
1.2069217362677005
0.991587066747754
0.9393161038777805
0.9538302904155638
1.084757264140701
0.10346148261304533
0.5389713777571106
0.6118324911497388
0.8171459015458928
1.153615251350023
0.7701377611843514
0.9832586880564269
0.2828971287675833
1.0199199346108636
0.7659129598367715
1.0052843339611357
0.9460127731311596
0.9264798151545697
0.8026311738980858
1.1243127334544447
0.6299442720080589
1.1150725015830238
0.7657049431765963
1.1230697738024311
0.988433068156533
1.1928884992449516
1.0482121237602076
1.161243513282668
1.0304042682174144
1.093185280094033
0.933222357363354
1.0180846780028494
1.001993040815408
0.9952690359651748
1.0522484698200174
0.920242345265557
1.0969031998679886
0.9722209792764032
1.2266673169885398
1.1165454910428658
1.3080602996907866
0.9406337294169758
1.1589095378571614
0.8426006915633362
1.1000570702655157
0.9528171070226266
1.0308336973958414
0.9894595366759493
0.921743473931102
0.7510089181699129
1.0587823464250623
0.9103569537728939
0.846403122027462
0.9229483727154086
0.9803927313815699
0.8758992115695466
0.9581845248794774
0.9261907624958059
0.8466959554476821
1.0368337042231472
0.6921370629108015
1.0162414758708114
0.6209595141671793
0.7815770980062766
0.6625225911894169
0.7798018206442014
0.7798018206442014
0.6232375325441939
0.8132811466346828
0.6417668398472706
0.9643318621325487
0.8435724716144004
0.7169779100854031
0.8306432508440276
0.8935461183351681
0.727629407351265
0.9415666330918491
0.7957055108072618
1.1134002774359208
0.8618461529335487
1.0954416422325939
0.7154734076213032
1.0511706911405772
0.8692771620784814
0.7857562913685496
0.9441703106171635
0.8352564061058141
0.9822505582883914
0.8341283809795693
0.8427945886110717
0.9851749074851754
0.8363588900150902
0.9478805771871558
0.8450501783414969
0.9431679082845521
0.8201036051224856
1.0365046358957462
0.6897041859791657
0.979912786887378
0.6964743628953572
1.0243208666640051
0.7022270502624528
1.02862547847248
0.6475980532726633
0.9005174206568197
0.6485003490362293
0.8864319980279127
0.7157508833668282
0.8333193664617242
0.8643690953284662
0.685163237283395
0.8442341814064143
0.7889460969850985
0.8674888827473495
0.9004148861310466
0.8985750237148672
0.8741315386405799
0.8787889298529781
0.8618851403783154
0.780789201964911
0.9938235675380289
0.8625162824254131
0.7041076593302935
0.8956947040529379
0.5574734817549603
0.8777938587315095
0.693462471279348
0.9731985612525538
0.8652846296604526
0.9239564065082959
0.7650724701381466
0.8014965938217935
1.0407839281275806
0.8285943208770414
0.8287928812946374
0.8785533464793556
0.7512586433319743
0.7398735619119099
1.0539899231473822
0.8257180546304861
1.0090487862851942
1.0219319199754258
0.8502873068552466
0.9552833083543205
1.0035623276408085
0.9390089525768076
0.8860453403410711
0.8456866026301747
1.0838996332122406
1.1227324209501055
0.9905492440204209
1.1732956359711981
0.9707840841058305
1.19228520163372
0.8950547482095919
1.0954786970325219
0.8082613518836631
0.9166118276171725
0.9690058763895437
0.8222134189126611
0.9036047904471718
0.7354414033635408
0.8555900454558152
0.9832718868856296
0.7323834949773873
0.8350382707092479
0.9503067021383764
0.6495614913730509
0.9079325672713923
0.7026279400842824
1.003635678873225
0.8726573402708695
1.1398919805739371
0.8386381594771541
0.9581041816815719
0.8443339815406464
0.7286358928834514
0.7711299900009914
0.964070997861544
0.9215395089331011
0.9352410467361704
0.9895172781161005
0.9408298212632005
0.8446572738515856
0.8356024530991597
0.8836436919785826
0.809675016156953
0.8151216431889541
0.8651110151799665
0.8612236415991635
1.0197421380331835
0.9812921167113673
0.9325721602866973
0.7766433378984018
0.9182234358255256
0.8533113815613149
0.851042754077196
0.7564630194549083
1.0329631650157078
0.8244798276829881
0.9048974308319161
0.8304838141186685
0.6846796692752839
0.7904769234784474
0.7904769234784474
0.6341593081857853
0.7016613625763526
0.6479950473716924
0.7634922067580537
0.6391620857786015
0.7810502719380272
0.7129365571370414
0.6079786743780435
0.7308751097645735
0.5731544122930656
0.48006341416293796
0.888550263603822
0.8283948881415322
0.7318020268335176
0.6739562996996322
0.6823172844785237
0.4605659974759967
0.7272638433164985
0.6369103792972189
0.7186798713872345
0.6388348793878846
0.8195108173965377
0.706964280626408
0.8316020015059526
0.8815886222928719
0.9471685046950898
0.9019944920054528
0.8047011258483808
0.8321863189184504
0.9659784039138128
0.8116833672303201
1.0502900126556698
0.8841389678606509
0.840887371448887
0.8237162550290845
0.8525958189341345
0.8635920884909452
0.9536446754361251
0.9887188936824705
1.0769010792669054
0.9022170151567378
0.8466720709464116
0.7479639694490345
0.8329254437881061
0.7775148830608268
0.9815876341948107
0.8995243275149996
1.0484066724077026
0.997720184452896
0.8038383226777814
1.064419639506657
0.909325239267108
0.750197174104751
0.9842099368277387
0.7682101584459538
1.1273972177416356
0.8177303060840572
0.9843081497825661
0.8719008155026591
1.1593172080358243
0.8909884489295736
0.847624672579667
0.7770839193893576
0.7595314704330627
0.810236563655119
0.8174229945012151
0.9100067059058197
0.5462364497654905
0.892530483203208
0.772906758417679
0.4952040034499102
0.7677078179129729
0.7235162420425754
0.7468728226994711
0.678887098632479
0.7758895733118886
0.7228338431162644
0.7209219705906476
0.6614120149251734
0.7238791915802465
0.8645147199392285
0.7855622776147204
0.9568456658035578
0.701279098411113
0.9227952687138312
0.7837944888213854
0.7630962947962155
1.2265845132147681
0.5795677515347624
0.6789410623108861
0.7620405329120612
0.6457269641850101
0.806139259771417
0.774718258447317
0.8223675298018821
0.8602466472885985
0.7511003754807727
0.8619965099326519
0.82601616166908
0.9282062020774193
0.6830307463018729
0.9994818312084127
0.6638817628951363
1.0441614123160379
0.6514121593847064
0.9146965014117937
0.9058104918311063
0.9577848176151011
0.8728652857043678
1.0360170337789494
0.9763260940168341
0.9763260940168341
0.8405382280723822
1.195616159036676
0.944745277525407
1.0829493684565024
0.6358811689047517
0.9978200699383185
0.7941787632892392
0.6570443126128882
0.7880849846929168
0.787234939193206
0.9071272754517676
0.8035738040691282
0.8666795532932907
0.8857314433087251
0.9132702654191087
0.7178960811082162
0.7665689444444657
1.0738483029221821
0.7997787809997922
1.0745465040362547
0.7899169928071312
1.0114055849264707
0.9822006226177122
1.1804109099703401
0.8297453263675592
1.074870099513606
0.8238715959396616
0.7320538666465096
0.905158584347348
0.7017906878718797
0.8321553755381652
0.9055323114333047
1.0100541047793863
0.8450545925153348
0.8573928624816517
0.840803667745123
1.065060496475523
0.9017186510010449
0.9928973148459196
1.1104276301794633
0.860860821714148
1.1344543892945327
1.0506786507384882
1.1305644158707358
0.8986491790968385
1.1520737673113643
0.9000807047909711
1.2197090149172993
0.7699236999267152
1.1772735016672788
0.9277768143143396
0.9435953864681679
0.9484871778444635
0.8140945156124999
1.2954288393025475
0.5705731204206075
0.9633895242876538
0.8881878273932868
0.7147985723548735
0.661027861681141
0.6457506721754175
0.7537816933471575
0.7720915968840151
0.8539956439924294
0.79137946667863
1.0051198591758177
0.6932428896780077
1.2944491488001544
0.6693164099884881
1.252684635086099
0.6898247587681534
0.9690207274563577
1.1227038486288117
1.0153764192806358
1.1499275589172808
0.5716855642063478
1.0593297400538573
0.8794197880682667
1.1432890753165432
0.9164324799947909
0.8749107162427094
0.8677367722280132
1.0034458610215835
0.8691132205030181
1.0659636778032846
0.8996174889023121
0.8185292724698997
0.9538826043064021
0.955383063444942
0.9781869818028364
1.0293286146211589
0.725017574260588
0.9662593980648089
0.7785270038794109
0.9162821896278606
0.8993393941760373
0.9460843778485728
0.9436630252778533
0.792466022227933
0.9623231131705691
0.9182002523420792
0.8529695418954548
0.7953093831927611
0.9387734081900687
0.7955288147140862
0.9002247723622643
0.6072372893472446
1.1634585855429183
1.0187140707026234
1.1266643978164965
0.7440020276616394
0.822103893233965
0.6459865644581138
1.2268781340548687
0.6465372274118639
0.9270745589915805
0.6375468188010163
0.744454993926319
0.6213988955298321
0.8996469755490987
0.8271344838351733
0.9070719513748499
0.7314974930154885
0.8976374246799776
0.8382866254636157
1.0006974827024953
0.5815052739346334
0.9993772449620768
0.5731811277913261
1.0088083738013647
0.9241785309422925
1.1539365884035182
0.9765836729063917
0.9576236397152733
0.7435926367820677
1.1135855190919672
0.6459313339195809
1.0968751745049856
0.7747574476475203
1.0765081529163765
0.8175255866666065
0.9522494229907766
0.9442846176632818
0.8765737622909135
0.8769580868924381
0.8768568514836852
1.288401681800191
0.8401589348716018
1.2825362310566069
0.7611517303219546
1.1342006429657714
0.6382132343192752
0.8605690327613069
0.6981256696430822
0.996409065105727
0.9082270771488368
0.8316519341319182
0.6773964170130709
0.8342182647706605
0.7042509610916106
0.8046592065195428
0.6931132104024456
0.6931132104024456
0.6421116734579284
0.6142630079155578
0.6409479455000677
0.917583760916156
0.5709460655577541
0.7868893622577033
0.6777183513830212
0.705321091398622
0.6340654750814212
0.6287104439200485
1.119040189469303
0.5567003879445998
0.7822859158718944
0.3512777454753405
1.004147432096857
0.7253213647907844
0.28551721564239074
0.8182718691480058
0.39132693127013063
0.3408480278280095
0.39450077427812436
0.26173579262846536
0.4264356440659627
0.2905219716039058
0.31422993740861793
0.7185607539513592
-0.045160055434916746
-0.19389753642071894
0.4877026023002401
0.0420580990118018
-0.7842981096734594
0.5661040611320993
0.6771440804906663
0.8618267988755828
0.486229038778502
0.7952488831901267
0.560139539262664
0.9204584334732698
0.8046004474235187
0.602744425916043
0.7345012961712309
0.5519404966877968
0.292578471968171
0.20336972212046733
0.42221519923549367
-0.09573624217917898
-0.6257826709778285
0.015165089411103727
-0.16558587462652885
0.3054619398492936
0.004316491743273865
1.000048627458289
0.33163880307830906
0.6088927656919454
0.2170400232180416
0.47771569370391864
0.17178921657668544
0.3437228731632529
0.29548239014367494
0.3526449783193377
0.36717135433831105
0.49349950644783647
0.6886201510621477
0.7603068660525096
0.8959855355855512
0.9424965439056007
0.7220071007966627
0.9706875994060534
0.6429607152873753
0.7880994159436532
0.6587628348225965
0.9946645259015352
0.8898580406654113
0.848260122823338
0.8131898107140977
1.0306644903926439
0.6592324544974789
0.9767059103622413
0.7768379622665059
0.870326611328585
0.8205690914922654
0.7501096690595916
0.758242742658433
0.8571611336798053
0.9062462851568157
0.8054740763582287
1.3074923887792764
0.767781739719597
1.025270853723693
1.0044348398044258
0.9043438590196927
0.95144891640521
1.0900548944935469
0.8454635084693856
1.1066088638025424
1.0295631807438075
0.9985018094932543
1.018866465865419
1.0592712111314089
1.0420674536780805
1.282596006777018
0.5564508032039934
1.2120640238514484
1.0278191597692583
0.9150540041364317
1.095115341750231
1.1204517654957615
1.3114474056217513
1.2612979026796516
1.0985111087569503
0.8565689857226876
0.8665359891087994
0.9830233611379631
0.8697587853455553
0.947587901347948
1.073568356881866
1.3064883079478562
0.7932616551184978
1.050146185657327
1.0220343631684903
0.9254801183881112
0.9672711800549187
0.9492886061788683
1.2923909372505278
0.9213585856197603
0.991494198569726
1.122551006344058
0.9568511488750423
0.847831761919317
0.9218252110070657
1.0704286719113785
0.7008756286245831
0.7879690112398128
1.0474367609958108
0.8052509956382026
1.4803945848472329
0.5399061384048407
0.7624627236363855
0.7080558245773012
0.7380012225442616
0.52203312984345
0.854467043238913
1.139316624589961
0.7159902264699347
0.7341030910448287
0.962843226398143
0.9208427734246024
0.9725102131277679
0.843236635881944
0.7049373125792866
0.9991523753362949
0.7376809128532573
0.6567341877525413
1.3319912994082386
0.9321484306799548
1.0201822858610572
0.896732745819707
1.0004625475881803
0.6800342333586584
1.2808653445200826
1.0184256911277556
0.9318181225220792
1.1398896803799405
0.7357284347421006
0.9067541573417629
0.9202016692654602
0.8280549517234256
1.2610052801082468
1.0120327605899908
1.192557483087174
0.8616892037419972
1.1785602631751786
0.9626176165488322
0.963035706268087
0.9671172416461357
1.128863761377186
1.0981008840143356
0.8236952677247109
1.019350149772636
0.9061365304436649
1.1066924713482964
0.9843043495616086
0.9789430562984396
0.8906538962844611
0.8443552610352281
1.0090114438250668
0.8680819536709139
0.8414062555768507
0.8406594034345543
1.05114298932663
0.8917960612674721
0.9111656464071012
0.9894740864969114
0.6684802711496908
0.9045755719836597
0.8824906823707692
1.0865775809378142
0.792339781649065
1.1440992581760314
1.023502045401134
0.9143441041514451
0.8909917325582479
1.0316167450863287
0.8129431085999846
1.1833870673376392
0.7896125460441423
0.9554191475092317
0.6466153247934616
0.6536482487128633
0.6051134872482005
0.8922929901050998
0.7290216841485941
0.5997928528095796
0.9647572795054077
0.5824005086649134
1.1443681378304529
0.7268537593767833
0.7420105176042239
0.9429630959851893
0.5873946019656751
0.9372095516070611
0.8385733084170626
0.9195786363214402
0.766698822730348
0.8527195962417106
0.8084023556562434
0.8553289744704088
0.7982294637359661
0.7306934657257838
0.9440099756953715
0.7144139357624331
0.8380558070993672
0.6740534337041568
1.002877342323894
0.6295673600499284
1.106528838772571
0.6002428191293303
0.5579789106258692
0.7788445868082401
0.5648998738168481
0.846060490250558
0.7103841217623829
0.5715138716301587
0.66969795863769
0.6189805053646505
0.9574718437633273
0.7167004827877758
1.0025516824796985
0.872989560051459
1.0271655598838052
0.6082838299398543
1.1196356586861862
0.98161908989678
0.8721990381069196
0.9342011325337879
0.6924399736041316
0.9390582436219961
1.0593671851532713
1.0185977649407494
1.1910764450831441
1.2532361180194727
1.0974373115921279
0.22494051140835836
1.1186520661652928
0.27282839731018305
0.850791836183654
0.21204902304508777
0.8699808249426206
0.8621670198507554
0.9022989034191248
0.9122690088640426
0.767850052947511
0.9873927862234069
0.763886799992118
1.040786954368754
0.7001513602507523
0.7906917393547364
0.6977496099874414
0.7548991716300304
0.7955815160011385
0.677732994491468
0.9819508598375526
0.4753285139758334
0.7754394907387803
0.6906664675215116
0.788780325424361
0.6107740593331246
0.7917836179776043
0.9471048301329017
0.9393672105371367
0.5148307362611483
0.9384344065501482
0.36983125847499265
0.8378315354454313
0.9302493325386882
0.6930477894450495
1.1464779137022498
0.9655550763671367
1.0140695107587683
0.9393563846524505
1.179880602406338
0.962327476182738
1.2817430887236858
1.115982718573299
1.3453848028637028
1.3740865135971712
1.1034860777360904
1.1457873482892307
0.9958133862916275
1.118942798023912
0.7630525486017592
0.9067130181346912
0.9924357930624912
1.0299635944835552
0.9841794552509741
1.3550465966367957
0.9279304088343847
1.3363029994225188
0.9794836753071237
1.107265604605884
0.964980794995602
0.9811311679579204
1.0166261988345378
1.069929830227303
1.0049759653563997
1.250941182536156
1.3212919478751335
0.48975296541145874
1.3587540399096074
0.8273466785943278
1.5618040764221057
0.9019770712877249
1.3421623079673068
1.0001595046894474
1.0344929871791653
1.2029641088593999
1.0280147563458373
1.3258917362115503
0.9418476976587786
1.1886133486817012
0.9034603131526892
1.1190207181946086
1.049265614217365
1.0210739549128043
1.1131725888431119
1.114223478512173
1.0944686991514039
0.8583499129056664
1.1228454865060358
1.022152364549815
0.965790710037756
1.0141339000284346
1.0875932789153318
0.9655757786110903
1.0129072708848847
0.9935660906400751
0.9476824644802617
0.923204911205227
1.0614425586944596
0.9377882184836038
1.0881663677688385
0.9959277723449432
0.7718884120716142
1.2012565240192155
0.9018365462225413
0.7798875447392468
0.828641455281571
0.9034954290304907
0.9514850380553896
0.8764817995652187
1.0299740427153805
1.0211220762942654
1.0575567249163582
1.02964476091981
0.7423369787723241
0.9305259349098944
0.18206345240764543
0.8376174147961771
0.7119427555537028
0.9051581355089006
0.6661466133868685
1.0236815696774042
0.5349139013127409
0.8768494209328493
0.854006689931625
0.4418689435580737
0.9136009107420073
0.5291401372727471
0.6528498925708569
0.5070891235146283
0.8225453242621397
0.654609645869108
0.5607899344895875
0.6178898336052755
0.5918450722331525
0.6106055274410769
0.562039176377459
0.6592428557107209
0.8177530085472668
0.9117235609781819
0.5327229869357898
1.1026651553219615
0.6532228981394926
1.0859892113641738
0.518175350877351
1.0118103164377348
0.4086223368612929
0.867748531620143
0.45790755506544056
0.758242315766529
0.7244179755776059
0.44109076045870166
0.3502833428716955
0.7448291470370432
0.5550200431219264
1.0983267876341485
0.581608192743335
1.1103525639753458
0.6861239548071222
1.0245674257978736
0.5133969177652281
1.20216860423831
0.648500117213251
1.115263390422594
0.47638867466832924
0.928587889963504
0.5090719267912851
0.9158286931097227
0.6905698357855107
0.8527653810020661
0.518522374150902
0.662477862122586
0.5937605615031867
0.8123879878421727
0.505435379547081
0.5642469606909463
0.746572636907536
0.706491187063506
0.6878600532424756
0.7972926882791584
0.8871730408413889
0.7578856547503314
0.8067293794395188
0.7479698374552
0.42689455867262016
0.35075779118159356
0.49761128102415997
0.5253686374264652
0.37412953301312835
0.6707713753789498
0.5979632019159732
0.41511067146714165
0.5988767535436459
0.8796634832939961
0.7899156532025989
0.8960434899147636
0.7602178139258954
0.9353348466688276
0.9260448520063145
0.8527431318971082
1.0890036801263139
0.8513501968674759
0.8132583938293996
0.2962691060336957
0.854833951124496
0.642707812892742
0.8145175532726283
0.7280951110248256
0.5631164937208968
0.3764774568212541
0.5027087299112462
0.7920728607639854
0.5184847606576598
0.8762963839180524
0.5686731182820519
0.6773612951554607
0.5967408384476893
0.5698528834796948
0.5937598133047015
0.833931697472676
0.8101210706968036
0.8310562727056766
0.6078724422415824
0.6078724422415824
0.6751788759374975
0.5730449528410939
0.42933812025891627
0.42671898516573936
0.38863595330898815
0.5974193703200037
0.2169166223614314
0.3677448791039495
0.431933827602889
0.37091252950597065
0.6788473686680699
1.085796590303308
0.8550466288858274
0.3847124200294654
0.9507877946616319
0.5454050191323822
0.8047451531824173
0.48328295898848583
0.6981952316557405
0.7364305002316729
0.5470732168653418
0.5613808019946143
0.46134776513358644
0.5972337477335357
0.8852379437929818
0.852038024632991
0.6198570256839031
1.0292836872193116
0.7706462905855331
0.6540491554994147
0.6858056590521202
0.6655465832395947
0.6635890626807216
0.8210907815112928
0.8085032019667115
0.788520488250311
0.9593555517168201
0.8699288468724283
0.8189798197999464
0.8875899582962908
0.6988243208605714
0.7551840028706834
0.7034556310952738
0.8699822522071616
1.0115364174516241
0.47671213766867193
1.3388301840169738
0.7991853090862711
1.0265559544233112
0.7666220373554908
1.0587570046580712
0.9372120839001814
1.0047707267093977
0.8425195814884272
0.8019129941131125
0.9518973345114969
0.8174022478808753
0.6415566775142886
1.0265039560134785
0.6012115117376814
0.9254966778240488
0.7917337721504099
0.9951170946150512
0.6850678480728286
0.5439249946645792
0.7935777996759612
0.44700041851656735
1.014776708434085
0.7466064559987753
1.0201282499162638
0.9250214072707044
0.9454606980184563
1.079730625102454
0.9890856890139748
0.9162388374809511
0.9748425128860638
0.8031661304737792
1.0651694936260478
0.8989384393650033
0.9864171352174875
0.629744960889946
0.8375086084447514
1.1431006130530519
0.9214234230249125
0.9756822831738929
0.7446707539255832
1.0992110330435532
