1.1516973895167832
0.8408273530808088
0.9100860332217262
0.940288540289688
1.195150532174826
0.8800324425585357
1.1728955066815678
0.8158270039274262
1.2262484226638215
0.9502983250085929
1.136199593175844
1.1487482732361565
1.0994948079499687
1.1651061528780242
1.0783287079113193
0.8756712556629012
1.3016466342072097
0.9684333187731042
1.1276757163196933
0.9954794082821443
1.061361718899148
0.905582469843492
1.157014461629892
0.9493700173087334
1.013975335848205
1.1245724833219968
0.954304100752216
1.0847112776313343
0.8983658781496346
1.2116056721779687
0.8131923484901857
1.1567862259983919
0.970783360859771
0.9918704715744374
1.0945864540102315
1.017369715145537
1.1998765084599845
0.9747792064248576
1.200817022767012
0.9996906850334712
1.0265955903544883
1.0855678650582532
1.049307770111339
0.9132477261552314
1.0726966556704123
0.9076850757446966
1.0983570534279905
1.005888928453571
1.2027903122835562
1.1772406603550207
1.0451941240862983
1.2385856463152816
1.093046674118574
1.1126109837475289
1.0248739466804384
1.175230493106986
0.9265590041142656
0.9746399450277377
1.027658566965445
0.9143659370367894
1.0130742507052917
0.8081374177598974
0.9792847259120451
0.6977799211700892
0.9291428745321348
1.012190662324533
0.7914987638662505
0.8812948174680141
1.0652946605484048
0.8590515824197236
1.0799955542580895
0.9001714663119259
1.094412608823762
0.8323529314240108
1.1034670431347569
1.0375992278125559
1.1124167864116687
1.1930458390803302
1.2085824231225073
1.1218990881549846
1.1309825878664501
1.06186018417543
1.1527174238821096
0.8980593625521405
1.0129124222560186
0.941958584880776
0.8475471542090443
0.9633521001237793
0.6701777044878312
0.6083797671799434
0.6380397327403098
0.9294795806984284
0.7603369106076954
1.0142033489763518
0.7742426907787981
0.9044031896609968
0.8723909124512369
0.3593748378433001
0.8228670892954031
1.1721633465041252
0.4451843800130474
1.2445095314521433
0.5710254419790047
1.230917867723984
1.3074782613263505
0.7236819775290165
0.9859114026730037
0.9338628213826968
0.8067904645589141
0.8775108356373601
0.7660741008695515
0.9410749623210766
0.7799057584010534
0.9121848171291851
0.8530281781195257
0.8255014471747628
0.856422922911048
1.072444808157021
0.7573103723507157
0.9811881094645232
0.8649849164429999
0.7363249149270887
0.7378823092833916
0.8578602462713019
0.7729270992870034
1.0449184523109574
0.8844909462958311
0.8590024117011965
0.8867022009431431
0.8080503489895593
0.7380684146157246
0.856224909026955
0.7077937445735596
0.9340784608036221
0.8638340910081209
0.7506903459550128
0.8855748144076157
0.8176637815350042
0.9150267041763445
0.721821983841938
0.7284301498566028
0.5798414171070592
0.9129749212729414
0.664734977151519
0.8422264851772613
0.7621247736739367
0.813063118597635
0.9907940054565042
0.8749161602556601
0.8361779426043492
0.79414082843054
0.7729161725220015
0.8224721439310037
0.8474069716747406
0.8132399971613629
0.8137446839943772
0.8699453283422283
0.8170366081432542
1.0824917679101835
0.8046629279374827
0.7541930667683139
0.7201330709451845
0.846449875022752
0.7817653076944703
0.8591051855433789
1.010351343605732
0.848213409791712
1.05876191321896
0.6715568443436073
0.8609729024411248
0.9608665781009474
0.8153112916061839
0.4049113934544128
0.6413129218361446
1.0549197189805093
0.8221559858552101
1.0887398216855861
0.9852311564341079
0.9047858710902964
0.8687532248153563
0.9724532528406447
0.9724532528406447
0.89684296846813
1.1300790595858203
0.8305528146096172
0.9145220047572122
0.7427685019764647
0.8254503859438231
0.743323218210594
0.8870266244813724
0.8400190314834688
0.7973700805983366
0.7780073237996568
0.9395367111725255
0.9189672624435028
0.7939998991329781
0.5828171668997499
0.5828171668997499
0.8915886602190988
0.8915886602190988
0.7150394818556849
0.7669411025852093
0.7669411025852093
0.7770615785695802
1.075099954105945
1.1352454486841252
0.8908272865253213
0.8901070486417301
0.9774075505945177
0.8407721183082517
0.9142213175552165
0.8755644821151101
0.8123028005471684
0.7860733240068272
0.7846715072303334
0.696522875570216
0.8573443336100974
0.9336234163777597
1.0074689958432876
0.966476398223981
0.9480139125446088
0.9768536317343115
0.9374273252502134
0.8610028403674534
0.9706637992151819
1.038917230717499
1.017909486805721
0.8647395596844568
0.9767341333198926
1.023523486001473
0.6283292128061818
0.9160659095110757
0.9315560078315891
0.5930361242106191
0.764962056309433
0.9837352567585131
0.16544641211844247
1.0925881100736905
0.5720465098131189
0.7149539120744339
0.2896041015951718
0.6675644287769529
0.779897724720848
0.7831515951493129
0.38979598712908725
0.7694026418801606
0.9556852838944666
0.7393644111921425
0.8441100918940182
0.8180166978390333
0.6418129173795379
0.6151143177709872
0.6693941242110314
0.6788352314777422
0.6684018514793483
0.7171648840446141
0.7684890857217461
0.7737204952887671
0.7647124742833381
0.7656523924470845
0.7110445240156525
0.8515678597541316
0.7597444414310668
0.9717081201344251
0.8600027372828521
1.0210268251776082
0.6533283486009163
1.1998456585640411
0.7194630569789596
1.145067664918576
0.9582007117432891
0.9626407926782302
1.0374980812092602
0.8702892105359442
1.076126558497529
0.7780673837088383
0.9640720535127344
0.905289698343055
0.7897098977666263
0.7903273071904033
1.096087789140705
1.007263379083806
1.0013324253766416
0.9870876631210954
1.142630274497149
0.7786655679478368
1.0821366496669322
0.7391999067835846
1.1035080687154006
0.7232034516382267
1.0051599496066634
0.9457739771522518
0.8650393641648891
0.8765068002297371
0.898525783507198
0.7760132052837503
0.7142094182097054
0.9104641917880386
0.9066001732326325
1.048900172989551
0.9898712028747043
0.8296629048925515
0.978257334077454
0.6086095034697633
1.104924132995798
0.9719929046120369
0.8545604522181209
0.6294578921760764
0.8600574948088795
1.0396732095997425
0.8712827490507806
0.7745619594789237
0.7867620968731743
0.7549521025778585
0.5545406998752611
0.6802529632016395
0.8648048758900029
0.8213752595017166
0.6062143134968054
0.761086940723041
0.8936247955350125
1.007602453909209
0.9957072400745239
0.9537206351263126
1.0270786735379713
0.9784696651780516
0.9701670678275607
1.0136002465178922
0.941065012868433
0.978857889696911
0.8825466171210119
0.979773534723061
0.89411639019768
0.9684450277727394
0.9454232746823125
1.2768811153622988
0.9712021253439886
1.082074940805321
0.8502861766362637
0.9636400069103177
0.8712160095766613
1.0486665177366894
0.7088229562476106
0.9992543165914829
0.820755314866366
1.2261302446104003
0.8609243760182113
1.0707491025658673
1.013600934266116
1.1085336977660982
0.8749748764295994
1.647506385261545
0.9516686293214424
1.431665447867458
0.7196369081188367
1.0899046276194653
0.7754478572601466
1.1079749645093848
0.9641621592370897
0.7870190443322854
1.0207381911889084
0.8190337972955668
0.8065320590865268
0.7710868168008385
0.6152878951114431
0.7538971741892116
0.8275367014044768
0.7252917617190779
0.5935039533795208
0.9852190114263896
0.7412159745226343
0.9102970462666686
0.8331166811178015
1.0048955816379435
0.7314501241005723
1.081903095842466
0.9456509697432979
1.0013333393352282
0.5319072326978189
0.8513259988979993
0.8583865125488603
0.859531306523455
0.9205888313651166
0.8503378904580497
0.8701891713109904
0.8720662541363855
1.0543801798285994
0.8093877127002626
1.0751480660987618
0.8419880024343134
0.8240279618484017
0.6325970823230798
0.5826122581266018
0.6903953375385342
0.8019087134037618
0.8414394337626334
0.5135447943340947
0.7223682296084033
0.6470270492346963
0.774568994117418
0.7159844698185639
1.023081728594962
0.6542673527292758
0.6542673527292758
0.8468726701150494
0.7327664156463173
0.9082716333284444
0.7707601988448449
0.680978673075211
0.7878430150345939
0.5557776297300173
0.6441442539608822
0.9804029520691137
0.63121943049342
0.924472426886616
0.5095953534559641
0.427889195050839
0.5153680468120246
0.6165397159966628
0.6638010687472744
0.6638010687472744
0.867741469669942
1.021855002408489
0.7959428126317556
0.8189689264363307
0.7246900582265398
0.6476372453286762
1.068955194488139
0.9650251454592309
0.9680051484400908
0.9605133014417622
0.8393472489925019
0.9067902009304367
0.9166669003329918
0.913207621539524
0.8010908621647184
0.6434861439017778
0.8191203492102673
0.6220125464924193
0.6812023549338712
0.8253711442296854
0.7660245345993908
0.8452865795694868
0.843007919263656
0.8680676314846738
0.6491180175334041
0.7479660658579144
0.8537684718997381
0.6782922261769968
1.0443402755797442
0.7535181232309537
0.999168854796555
0.955490186074075
0.6853261351079922
0.7237088457253855
0.5023377496080069
0.9276603721748339
0.8541498363911423
0.7927731713228494
0.9359577448799554
0.8841912949167838
0.7965544016127217
0.8152509869148448
0.7902957430222384
0.8923286755615276
0.8936602476685439
1.0587863246745053
0.9199063015038424
1.1041263023099614
0.8058104957699322
1.046343630385574
0.7291801538728165
1.270371139584701
0.6739218668845175
0.9879212462862408
0.8743548762025821
0.7527579683827871
1.1907744957850284
1.0720829100781426
1.3153817940872017
1.311019394385016
1.1648448019182482
1.124006860578763
1.1738691177976575
1.1622479196954765
1.024855623975392
1.037324897812602
1.1777500014641413
0.7448488530114439
0.9963296578259604
0.9869077432496748
1.088267391250786
1.1185874116082
0.9216058831039644
1.2097270792711285
0.9156708435564304
0.8294701913632279
0.9610689416216052
1.0867541777895648
1.2727851522437668
0.9442256604229031
0.9073050958576092
0.9416470088192106
1.0925979690116172
0.9251453877650636
1.2474943061315453
0.8151085675738301
0.9407703350794385
0.7286393222832519
0.6694011141678644
0.7602056526212669
0.8515375230561373
0.7826524858033204
0.6266291990130015
0.7508582270433042
0.8883463935600289
0.8788006327135329
0.7584240247592569
0.9994542734656663
0.7770759801057087
1.0954801224046036
0.646175554140268
0.9939004723482423
0.7745820247362072
0.8247558290870354
0.8673606937200047
0.8915483032451319
0.7267982945068043
0.7716125101391818
1.0786449865737309
0.803042706762262
1.1230240191664986
0.9078005890893937
1.1836414991515525
0.8808382641673121
1.2534857933385664
1.1948361553120188
1.1618342007252869
1.0929659849818476
1.2486212330722841
0.8025986552934135
1.0998555202702183
1.0163075535333355
0.9545253802319995
0.7874393963862336
0.9110541676379695
1.0304155290069563
0.6901735345213289
0.8876477866014543
0.7568089369784586
0.8636244766773303
0.6900407799375328
0.8736864984160146
0.593503870442763
0.8792360200492324
0.6650994061965967
0.9879831486126632
0.7750727409172316
0.9167997146011857
0.7532393302084193
0.8021256429656506
0.8398664058939691
0.819114270900648
0.8834820348332202
0.9227956570466874
0.9627453368022032
0.9498160127144383
1.0027308626129563
0.9605477620671232
0.9697252805114829
1.0340424364990828
1.0659695603741466
0.9371360047709716
0.9395880701165814
0.9304123909154512
0.9937334448763093
0.9757783258707567
0.969540166234073
0.9418461736824072
1.091202906645189
0.936809540048449
1.0661215742071652
0.8722821483011758
1.1122929812579498
0.8120816087037759
0.8665263586317861
0.8273723439977472
1.0998844342135865
0.8616675809858848
1.0628936082026619
0.8066328774929257
1.1048618840246256
0.8774089048577073
1.0248920982027343
0.7743813419133796
1.0141523762334868
0.8333993410220468
1.0920750593533501
0.9145719370370629
1.1928109948097716
0.8124502433982984
1.0728597332815355
1.0476826043438525
1.0434962823809872
0.9833603863576887
0.9381359006898503
0.8905510660400024
1.0307382032059227
0.9701402476097705
1.1512844011367795
0.8755199832539562
1.0444232148093815
1.0127388079057162
1.027454842151448
1.0312424280670722
1.1628619105429612
0.9631523380598105
1.0928718244737456
1.015814799368258
0.9968025388468595
1.0320184182945222
1.1109900397684522
1.1007787804925582
1.1163466242703195
1.142022779044256
1.0942594685357727
1.1600511318022653
0.8989666008821819
1.2379820222144433
1.0668342860264919
0.9329812680690572
0.8410455256096664
0.9420552073434199
0.8527949731306235
0.8313963294237202
0.5812404695753726
1.0978899932213018
0.4803860900200235
1.3334993065631255
0.7205701697536182
0.9245340311360528
0.9351403841210153
0.9781389823387827
0.9832798479790912
0.8194455650205105
0.7083477230638768
1.0240848343926747
0.6267385516056533
1.008933207446323
0.5045993375674378
0.833716662698653
0.6155471567188817
0.44707205225777624
1.0350282143464062
0.6155567920237013
0.6733110329562334
0.5467754186431673
0.4531360793674106
0.26138744685777515
0.34135599725379695
0.3232754013956368
0.16609491210438276
0.24966460664326273
0.5153427028630428
0.7291727556779634
0.9660047095913274
0.7049459198432999
1.0494854097337873
0.6080929617509667
0.8138523107911854
0.7769588152347028
0.9860709181576711
0.9127457873592941
1.0665275850503055
0.7576802362195577
0.95652051536475
0.7250553671197157
0.8897453803555527
0.9687500437571877
0.7590169085154259
1.0808479861511802
0.9236925046031914
0.8501061053376114
0.7528316491713991
0.6678759853314542
0.7856478977453778
0.7786408149085876
0.9659743529899047
0.8142553566478843
0.9378541892868133
0.6281293274512568
0.9189245294917509
0.7900630572086567
0.9099208151461462
0.7692649377385683
0.9974970450966569
0.6777990329414461
1.0827941871054536
0.912254244530055
1.0671431590618115
0.7281624477546423
1.0376266105798964
0.5209581929390702
1.0313024581567163
0.8159321286881189
1.0604472791904924
0.7415771125251231
1.05503087073334
0.7699675698608017
1.0523192804772528
0.8538580366647679
1.001443944942124
0.8178486787254406
1.1479431299799656
0.743930562104766
1.1222297979271558
0.9461091392311064
0.9746717731261003
0.8754752873038459
0.9268505266600797
0.9221603035040292
0.9011228041371359
0.8161947549058299
0.891346761984767
0.9669822189216486
0.8229457614861392
0.9361057698929928
0.8565524577635993
0.8304473028371158
0.7267707768398107
0.8092382852985843
0.8151045176115386
0.788313253028162
0.6147758460587551
0.7370343939712547
0.839909297004562
0.8192133024250255
0.9203817340578966
1.0079085196484519
0.7827430676334608
0.8584328587987295
1.181327176944468
1.0124697976868773
1.1466966186499472
0.7648859081914532
1.3563997054571513
0.5303689707189164
1.0801221032938195
0.9006239610233033
1.0621126501037548
0.8285471237142704
0.7002337252585982
0.8566562644650395
0.9780449552943856
0.8285229237731879
0.6966328603945319
0.4470863111244625
0.7994656818669006
0.8051121618855704
0.8147473786983068
0.8944332186785371
0.8853954103723435
0.6714223155100183
0.7948458416869146
0.7190499560691149
0.9688014621569149
0.6872486789413849
0.9297047739093153
0.6211167515042268
0.9305210815930888
0.8339378460153605
0.9255284036971321
0.8023388880771447
0.9071332109282895
0.5774964579314317
1.184281016534972
0.591114778664005
0.889939644106684
0.7886315762999411
0.6847372276152125
0.8889884919594706
0.8078897829297598
0.8646520176817765
0.9201586207735075
0.7169709859046312
0.7159643704503158
0.9052216595652616
0.7508369224516215
0.9531070802302601
0.9336656583853207
0.8790872295902354
0.9499041279579218
0.7925708037414472
1.0615537706537175
0.8339820255072026
0.9869270183463659
0.8354162004409349
0.9484569726870369
0.7538282877121483
0.9929760400036147
0.8334742373392579
0.9378282235719879
0.7458779455227099
0.8967009512731619
0.5828962490475762
1.17718138764904
0.8290155729185389
0.9101663669248179
0.9624669451114249
0.7163798897246343
1.1528428622887053
1.077308668264187
0.7169604907767173
0.9550069524364193
0.9162125568894441
0.9778907702559303
0.8379743834655906
1.0392424256973056
0.9270323933422719
0.8879822774607589
0.8600133026345103
1.0206929842273118
0.9076281604650509
0.9374069558797302
0.9326292738082591
0.9144035231578647
1.0040396392680757
1.0876871482503474
0.9671653553699507
0.81009224499614
0.9446744989269491
0.9415215087269928
1.1021389142048086
1.0646637267508594
1.0133231391300614
1.252369689943337
0.751602603099359
0.9989021710805137
0.9179563676518638
1.053014402388137
1.0372393195486214
1.1486571242344839
1.0846905932890338
1.0952505852723968
1.0697113403862932
1.0694879928075929
1.140805502415141
1.0524958957919277
1.142936582025657
1.227358472799387
0.9747490425176156
1.0250868715776338
0.7855147532933423
1.1374131994306516
0.9673650482827066
1.1447125798252036
1.0406057739528993
1.0083534196500188
1.0028802452625918
1.0562042586238214
0.9890235028783207
0.9682086975290365
0.9261872514370948
0.7959528580690212
1.021327060775562
0.6515836413340996
1.2883070909862657
0.8795045044368702
0.98586652162226
0.798913344052718
0.9288856864031318
0.7430834608997237
0.8758985698919028
0.7741964083729471
0.7199750656609265
0.8049575373556801
0.9716657413272597
0.7949570941632945
0.8886194167277776
0.7996064173437132
0.8203300021031477
1.139009208490854
0.6663677359161486
0.8200976542597712
0.8983671727285767
0.949723471184727
0.6971631947407437
0.7627046336220924
0.5508329155715948
1.0485632728873517
0.5838971502766818
0.6938371717410297
0.3937661314066946
0.7817433934179965
1.003603249723939
0.9466852608038602
1.1035858197501227
0.8088794822528956
1.0965407624800765
0.8862284987298638
0.9731237075722169
0.9511058220968729
0.8628311679577838
0.915002895420727
0.7466631454846487
0.7518087873886258
0.9868530985623707
0.7413762470148239
0.712113513361396
0.9761085184634992
0.923509983408765
0.8699022501471945
0.7913125760430684
0.8513518554288626
0.7992065593024653
1.0757249255403378
1.0251424121139174
0.9684402186911745
0.6839233969810926
0.49912592376422493
0.9401713468637021
0.46699543341052807
0.8198845369691936
0.5866271869196439
1.080994326913741
0.5667253243445289
0.8395943319862108
0.41614344539577985
0.6374693710418196
0.5049818669768125
0.47409757986007156
0.9271214214864645
0.6442506163781482
0.6963414857069625
0.27198967536693275
0.40302994962494887
0.859444139835583
0.6997940884762686
0.5678030545965039
0.6875739497082638
0.7499989987156686
0.7905261757698143
0.7975368561050888
1.061799967881634
0.8374384958450138
1.156600621284936
0.9685633171819784
1.1393361584474127
0.9212985961801621
1.2072795568482344
1.0122883133727958
0.9393364480371615
0.9540093867557394
1.084764305009665
0.19593397253213607
0.5223784854442652
1.0795486063007083
0.8172230385322177
1.1536320352858933
0.7699397739002733
0.9834824128853856
0.20615858646380159
1.0201488749652787
0.7663419406391521
1.005218276513549
0.9457679399549077
0.9264341958698836
0.8026705709673483
1.1243602025811086
0.6304891192691529
1.1148965250612752
0.7659239232866696
1.1234643818670835
0.988349090493156
1.193073956142592
1.0490527473537568
1.1614262190221076
1.0308133158182724
1.0933385410437253
0.9339184129564335
1.018098008574459
1.0021982075566338
0.9954362834936643
1.0523002363693665
0.9210200669644402
1.0969099199470078
0.9723038240001827
1.22676744034289
1.1166627213107254
1.3080003027763478
0.9402861711191368
1.1589931534622253
0.8357124553869921
1.1005943579027075
0.9657715710115877
1.0316181263706796
0.9920610023001211
0.9217878008527622
0.7357071835531499
1.061190430246232
0.9367466083226089
0.8719044325409758
0.9645056803346921
1.0549421202353075
0.9337646561737909
1.0179321270452573
0.9459166962928617
0.7778709534874604
1.0178105574572516
0.582198668009068
0.5537397549672465
0.5501633642633201
0.6418612989936158
0.6079744544593921
0.7279063076053652
0.7279063076053652
0.6351197514374962
0.8095221463168971
0.650393810229608
0.9633317567820202
0.8576033466937789
0.7279074594177523
0.8354035865271859
0.8921100423077691
0.7227813418635378
0.8752622221037448
0.7912266031711147
1.113401184066832
0.8632627975781415
1.0952261008864508
0.715152860190876
1.05195727072756
0.8768423215985139
0.8152024493623873
0.9757069586477283
0.8496796609704771
0.9825826189512723
0.8338100585499637
0.8446698508201202
0.9849279499190411
0.8357461105725943
0.947701348237354
0.847333746399456
0.9431390426252664
0.8192752836910145
1.039422935568862
0.6863684074841441
0.9797491965314665
0.6969016311609384
1.0223817693291846
0.7024513176076811
1.02862154328043
0.6470614485277746
0.9037116875194608
0.6610122225559915
0.8863964666615923
0.7157472407756782
0.833332994312038
0.8643456377241214
0.6874989411760808
0.844270871141221
0.788601923861152
0.8674726759902585
0.9004146964197068
0.8985683730801493
0.8741317137089579
0.8787756800358415
0.8618877840499872
0.7806639075946032
0.9937925676275741
0.8624246721852857
0.7040624535576403
0.8955862977415427
0.572402005439705
0.8777811577183009
0.7032380018919695
0.9761704197234504
0.9018697060943979
0.925610960667796
0.7699192421798499
0.8093517900398802
1.0407579929417945
0.8290037641758267
0.8345135249951909
0.8894621508841942
0.804325216945274
0.8041623643731801
1.0811689521769074
0.974114355813237
1.1216497148131883
1.0805344388298064
0.8842450718464221
0.9726642874147
1.010612802430274
0.9713238356830884
0.9045585122902706
0.8636403017906046
1.0926835777923927
1.1262403976822557
1.0034800711695508
1.1760441016217575
0.9814448572613033
1.1915145117134094
0.8993034429299513
1.1018295376718097
0.7982204372323363
0.9899270905195013
1.0018824514076723
0.8352828269129671
0.9182838340891513
0.7961578682467529
0.8591216926166834
0.9855228730006083
0.7319955408837779
0.8324958503424257
0.948492531125676
0.652157134719334
0.9070258107368178
0.7016593407038245
1.0035379841201522
0.8713340030290867
1.1400115800278348
0.8424157338276324
0.9603433810833804
0.8442967175051472
0.727165334727247
0.7709589263167227
0.9678982795790815
0.9220190652531689
0.928371843025636
0.9855570264409452
0.9412200901945478
0.8470217239475477
0.8409766889777711
0.8831109644016105
0.8076738587047259
0.8141235634755248
0.8710726996010416
0.8680226757410329
1.0198424757111073
0.9832991299087228
0.9303671575158112
0.7929656754394604
0.9325410434517867
0.8590675992482837
0.8512083801109246
0.7573668782775382
1.0349042039615406
0.8484097295339531
0.9172946643787152
0.8322203039223898
0.7099779210705277
0.8182659736461888
0.8182659736461888
0.6634421920087189
0.717541695628817
0.6904564132666909
0.7722375439194802
0.6611214878709861
0.78163249148884
0.6990708326004208
0.5826659124664747
0.7303577255231977
0.5888778293004799
0.6321804734751089
0.8892963065517052
0.7240240421350099
0.7278225994863092
0.6702227451524506
0.6769463406686369
0.3302282276290932
0.7194374646599442
0.6516399151737016
0.7307735633216682
0.6387866298628369
0.8198178369958788
0.7236931743606848
0.8319724494594225
0.8825240308197493
0.9481365020167666
0.9023334390377301
0.8059400774207419
0.8326750060127093
0.9662869327333263
0.812442461332495
1.0500235696269824
0.8862713937828796
0.8434900036960691
0.8222291920770768
0.854684913980511
0.858087396498531
0.9541733322139689
0.9873994810415627
1.0770557996079377
0.907850460618286
0.846666228788497
0.7416884894482279
0.8288134797253186
0.7888070280976354
0.9822513909765215
0.8882149558458223
1.048330712673275
0.9947486518962689
0.8024497461469182
1.0653778141313082
0.9092144490288044
0.750194943346996
0.9841930020213614
0.7761465109065814
1.1302073671927972
0.8188280965260806
0.9955273664156004
0.8719224069453375
1.1593747780034975
0.8905481942316016
0.8492359925988814
0.7770722417632384
0.7634088862010461
0.8103666252568802
0.8147482850540323
0.9168221858115168
0.5609749164145599
0.8929697634307323
0.7767933775418674
0.5786363606850567
0.7901186616377163
0.7413884611500752
0.7525655654962538
0.6802695223117702
0.7827667506740091
0.7365099654882932
0.7255572199196411
0.6628636592449915
0.7341593058960183
0.8649586171212331
0.787847370064161
0.9739718842512597
0.7012424871947696
0.9228155481827152
0.783914596308144
0.7631545634646903
1.2537857002607942
0.5766130205934721
0.6791672000819887
0.7620135316289508
0.6484111728471598
0.8112866185815413
0.7899166382547875
0.8240564150288433
0.8602507787759338
0.7606377872148853
0.8655601235666737
0.825986214169915
0.9209752670305402
0.693230680144273
0.99943003817065
0.6687762973938604
1.0442330585338544
0.6477417524888103
0.9153738317772613
0.9076121956023047
0.9700190948357192
0.8745026917952023
1.0415913500387575
0.9709260125266228
0.9709260125266228
0.8509722175306722
1.1698506428897564
0.9644146406995555
1.0963044690248434
0.7310035597248312
1.0211335965456552
0.8000114144196591
0.6571960965538048
0.7901713071445795
0.7965210931788556
0.9045693844741816
0.8026054035677662
0.8666796322938599
0.8860178950324714
0.9133436778134398
0.7206293732317931
0.7678045589064788
1.074456102607526
0.7544614884421286
1.0736413332186792
0.7941803076742242
1.0145972638039151
0.9892303082568081
1.1830846001568616
0.8360590589033577
1.0805865669667556
0.8241294880681747
0.733062680675555
0.9167205642999059
0.606105485540965
0.8315151373700544
0.9059497194889747
1.013020506102332
0.8476019999966282
0.7357439796959218
0.8228973332043532
1.0652791287088135
0.896986424269126
0.9829882232339824
1.1362921999787619
0.8611820277556029
1.1365420313098218
1.0522435340837224
1.131230271835172
0.9054684227183843
1.1519794899238396
0.9014839628800098
1.2243818400608906
0.7663200579843403
1.1770599310291643
0.9356129864519421
0.9447099330764368
0.9512636672022707
0.8247933546948772
1.3369181210373902
0.5635444292179296
0.9669902790104759
0.8862489853117399
0.6693249460822701
0.6513891752518607
0.6253227585692281
0.7443714150400843
0.7685614116304904
0.857139713644707
0.7918677174819574
1.0039280155515231
0.6894607720540775
1.2811497794823452
0.5989145824212975
1.2592424694509468
0.6883551143445171
0.9646709951274874
1.1235864081688622
1.017054328209396
1.150177111510061
0.5738882946200703
1.0606175011111636
0.8952086770990764
1.147002272130793
0.9192315024299992
0.877233863990906
0.8679481711683592
1.0047196766627924
0.8693294745967992
1.0659041307438666
0.9009874497190109
0.8194439760221525
0.9550786569879202
0.9563535672247938
0.978009379034379
1.0340223809615852
0.7336786221051688
0.9788828474098369
0.8156656634297373
0.9245013874560053
0.9450520567455845
0.9614453384041504
0.9690519943971051
0.8253409185805824
0.9637496731904491
0.9291883531821
0.8586874800418913
0.7975386449684216
0.9405680396229831
0.7959710144933845
0.9042052537872105
0.6102505752908521
1.153232792397059
0.9881330069364591
1.1190163497459387
0.7307091907062292
0.8104213019342306
0.6457004735108597
1.2267511887126947
0.644271299685721
0.9273554598720208
0.6430051181464201
0.7405046076737205
0.6292091621076114
0.9093152370899944
0.8293637452460328
0.906752107556098
0.794717023377647
0.900901806154845
0.7710250409272563
1.008431155113131
0.5537584153052856
0.9890029861709435
0.5552025495732468
1.0105295506117402
0.9232695429169759
1.1510334853783264
0.9804807613062116
0.9576160778505001
0.7418864328059918
1.1249779200750996
0.6494270495198018
1.108448990698704
0.7772396435991631
1.0774154592690008
0.8165040493534504
0.9616414699399907
0.9482835046089283
0.8778033306811178
0.878038062868451
0.8821391641757828
1.2924671497530011
0.841887579936265
1.2864986532778584
0.7606972221874196
1.1345684792790143
0.6363730211663536
0.8605424232490165
0.6982000888318618
0.9952905826843524
0.9080528922687509
0.8281719486676289
0.6769833072722001
0.8340651548694756
0.7042529290524763
0.8045792971623167
0.6922105522394466
0.6922105522394466
0.6420375628250445
0.5695066571011005
0.6406465158334429
0.8023122181964798
0.5701033788727832
0.7868950205459774
0.6776646596958364
0.7050362696899597
0.6338012097259123
0.6154571817282944
0.7168559520133703
0.5571567059479484
0.7414416133330526
0.3161159966505719
0.2539645222449449
0.4228154952261065
0.1838798601846512
0.2252926083825939
0.3207267712418149
0.3388897600693428
0.1756229573212187
0.07607358146956256
0.24413418152999844
0.2906998299672372
0.2935174701071346
0.5828058152070857
-0.03836028450460072
-0.19836260560005936
0.06019676703599042
0.026583780177581895
-0.7862509826558237
0.10106822452385167
0.07337870239496835
0.4675517559074991
0.35057599179721954
0.6495956249071464
0.1849723490320283
0.9171155317664641
0.8036969419810738
0.6033324877637845
0.7246891241448093
0.5469869380420062
0.29099449348483075
0.21086700255165902
0.42203573019393525
-0.04671016005087503
-0.5954017068593558
0.017259794589542077
-0.13611704576862338
0.2996941284807435
0.0031369545856883008
1.0003503941227834
0.32133574739724513
0.6072852798446053
0.19797046474541213
0.4795005711000142
0.1758378136211265
0.34606987655372046
0.29208751718160264
0.3474085100981946
0.3678943061251281
0.4939867102175932
0.6885574559640882
0.760604575796206
0.8571118027853701
0.9074120448078351
0.3823357401336033
0.9390760354918792
0.6686102442871651
0.7971486305355439
0.6977472333068706
1.0038708948313302
0.8893627730290861
0.8470148822551995
0.8115788483674121
1.0289672496941231
0.6554176710144307
0.976305441548131
0.776332705065915
0.8729783625660057
0.818943770820955
0.7528506388327623
0.7458419561433448
0.8565779604873811
0.9099908161088254
0.8065719299820696
1.2860883935426155
0.7758405654484142
1.0253479923035633
1.0065054538456688
0.9737278549650951
1.1056828768367246
1.1147738882187623
0.873959184070981
1.1141341546065482
1.017380620583054
1.0024765441740848
1.0191024060306526
1.0554767262995246
1.046540927933008
1.2958059523865484
0.563892244086694
1.2458094164245024
1.046836208213713
1.0271843144238009
1.0469031323588507
1.0729100571947725
1.3126520150681893
1.4856614294877677
1.0848085607321951
0.857043336577872
0.8716431817123288
0.9842484268762622
0.8680914620939518
0.8645730267109087
1.0608138595771146
1.2581248525345134
0.8112947712332437
1.1817930113481112
1.0235068385507882
0.9227851752542131
0.9658432229070131
0.9389153434603656
1.2892614968322387
0.9134810890979985
0.986433462502695
1.1104245053747848
0.9101225161213936
0.8362326783879155
0.9153364588278174
1.1006408132610928
0.6967294492679407
0.7850563900569061
1.0325038950831624
0.808843905864714
1.493644639425411
0.5852374066758459
0.7460139565762497
0.7935700653248077
0.7928380249865713
0.534670018641705
0.896705576422002
1.1631883684654092
0.7861292766239814
0.8477306680260428
1.0130926059458871
0.9326256513439946
0.9931924315960463
0.8667599293763628
0.7142588126522168
1.0115122476179832
0.7437751316507323
0.6596093211178826
1.394645114969272
0.9495978577823884
1.017732973488933
0.895320525118053
1.001353176280336
0.5814409623463553
1.2863309170409636
1.0247015091125573
0.9418784560498734
1.142395443173836
0.750328813608455
0.9087470630235639
0.9221767325453444
0.8358057400076246
1.2610080492936246
1.0161618989019912
1.1934027155984226
0.8652783922140646
1.1802707873253715
0.9702361003795088
0.9661109051106879
0.9695895267654344
1.128864493493566
1.0979059864795486
0.8253619988980855
1.018973774488063
0.907800805505536
1.1043416760204907
0.9969511633455642
0.9753430938761467
0.9285492370328631
0.8505391748445484
1.012620316353096
0.8937680220315675
0.8666040128246628
0.8894417259284904
1.1163489253060424
0.9493986769122614
0.9693694865333491
1.033081013964979
0.7767229324583462
0.9159490688530645
0.8840661399544881
1.088198751866999
0.7863051733814379
1.1440263341721826
1.0236431625898355
0.9254285373794996
0.8897760382619586
1.0223743023032759
0.803247487763763
1.1836099158833875
0.7902205713456119
0.9570509356160231
0.6541697589137035
0.6646754714562744
0.6076972066616182
0.8887226866934802
0.7293925974634053
0.6056928660988674
0.9687579891111462
0.5814752297150814
1.1452014494264469
0.7341088269486951
0.7464694568260026
0.9450447010815379
0.5951886248573244
0.9376343327123631
0.8401572796050427
0.9205779095441664
0.7644955038293026
0.8428602099450658
0.8035343382052318
0.8504233122939384
0.7934768416267686
0.7307843898484898
0.944416736747187
0.7096270521577879
0.8303735875879585
0.6359944675472786
1.0016843602242043
0.6290945679973274
1.1049415890921785
0.6006987895260629
0.556514020841625
0.7861722010179893
0.6079236308621521
0.7991024234818255
0.7075919771578039
0.5797020003985771
0.7258301320191173
0.6609751512395905
0.9576451014547603
0.7098411381070755
1.0027296591096269
0.8752667108037928
1.028373380981649
0.6084500678091871
1.119966820222156
0.981710695676627
0.8722374929164781
0.9340739422098571
0.6897426743549183
0.9397032327276833
1.059303243436717
1.0189093832876925
1.1914448424410318
1.253245041996987
1.0980188989210335
0.19605749666364158
1.1169612352717477
0.25701210955952325
0.8476739657674497
0.14098833874751748
0.8687711884490374
0.8621601954285911
0.9023859672208563
0.9122714775791119
0.767887823933216
0.9873758991358502
0.7653365963556324
1.0411990852834416
0.700214353599212
0.7902120351961289
0.6977094882986599
0.7548452146155358
0.7952949092914449
0.6773358179348229
0.9818725308567997
0.47459829020995425
0.7727622159524357
0.6775490876743548
0.7855390433346477
0.6072463127842975
0.7788624297823434
0.9464720589645718
0.9392916652274783
0.5134525403542451
0.9382616770375514
0.3537838980143141
0.8377937126237196
0.9304242619102469
0.6913835930553343
1.1464870809971517
0.9655296226388237
1.0141746355164787
0.9391653805856306
1.1798968792444746
0.9623600409138674
1.2817293503979785
1.116090762436898
1.3454880078375395
1.374140002259582
1.1035927420042224
1.1457968454996068
0.9989323148953698
1.119343325129634
0.7663058027987389
0.9067732811009894
0.9919444281707569
1.0303695023784227
0.9927172379903126
1.3551392909480922
0.9280532171712071
1.336332368311585
0.9798756668602188
1.1078149277237914
0.9655795172331247
0.9798593819674646
1.0154219960949575
1.06995775120577
1.0034066421199141
1.2507624845556187
1.3208179030604597
0.4887633821008065
1.3597117548128677
0.833845801985792
1.5604255613885076
0.8961485505192136
1.341985909298436
0.9973391867590293
1.033414298814471
1.2019326447120406
1.0624920332079288
1.3189361515981868
0.9512641850909543
1.188116068525927
0.91201885701022
1.1149906526308562
1.0461595640045263
1.0150996635357492
1.0968028066538498
1.0303687278316904
1.08054589009555
0.9272603563800645
1.109120418106219
1.0191263809767408
0.9493315564646381
0.9980927969553495
1.0885700207372913
1.0239916071402593
1.023521618674059
1.0202507135593994
1.0098969058974108
0.9924414946997034
1.062925861975557
1.0104109038738507
1.1139560311691499
1.0160976307101883
0.7430635663533917
1.2090002669172568
1.063413612974169
0.8957951862825833
0.8190514557088621
0.9409011678330143
0.9547510693246448
0.8895984162923672
1.0302059260788607
1.0212082160005802
1.0585753765002266
1.0280568466993911
0.7435505291159049
0.9304499434579919
0.11729574533995368
0.8375547833414443
0.7110254639434467
0.9018148744455908
0.6572692949953138
1.0229568891555063
0.5303807750119145
0.8772374516962778
0.8469564940712274
0.38719028722891285
0.9128381185166463
0.5514255591175282
0.6390462744978334
0.4963760276031113
0.8197445290245824
0.7558841598986392
0.5510318518281847
0.6087325626880442
0.5887635668834078
0.6080052568269403
0.4919371137147559
0.6479686258963457
0.6753285363749114
0.9000006295006177
0.4570937413930136
1.103887946648476
0.6589723470538462
1.0862633721756367
0.8713306221770463
1.0242561383561193
0.5231087176346723
0.863851630616082
0.6254716854569107
0.7571986428112194
0.828974225628415
0.5783700735903037
0.5602802826691121
0.772195897383928
0.5825235773536849
1.0959561389076542
0.5860826375249268
1.1101925415479412
0.9177108174876059
1.0639027179588887
0.6620426149689616
1.3364801431256348
0.6939277619285653
1.132874768021197
0.4618605725266008
0.9308295006857752
0.4920487524530496
0.9352378216415197
0.7206235284458375
0.8736532252800453
0.5151075067569603
0.6619916659717047
0.6310443324520518
0.8117364359119519
0.5362990982646749
0.5849277210161022
0.7459641765524364
0.7113492051550789
0.6870712912903203
0.8726236154190951
0.9110746953379729
0.7582049460145425
0.7898602580978817
0.7271195862377435
0.42697920538167555
0.35138301656935667
0.49871610999970817
0.5240202774340735
0.37386669383441606
0.668261155190093
0.6006902042701042
0.43197209648647594
0.5857035000862897
0.8796714013452006
0.7898725125571255
0.8957422952139261
0.7602191947267872
0.9342769837575111
0.9235770331048417
0.9012883773436307
1.0880774942340887
0.8561407757523831
0.8055984901979603
0.20798877923054526
0.8675691286184939
0.6311222258191463
0.7417430773325093
0.7248405618646774
0.5931900471580002
0.41222877826981685
0.6299630864068662
0.8075394884872921
0.5406210645724018
0.8773679802702788
0.5466416569180608
0.6814911608034341
0.6088005894092335
0.5676933521613556
0.5927611886759476
0.833641718542142
0.8085776497210847
0.8313220715696736
0.6094561362829894
0.6094561362829894
0.6766146361318379
0.5732566274704824
0.427344298537215
0.42507316385591243
0.3875931580471912
0.5990924358106663
0.22943393418664393
0.3708200766230102
0.42219570392461236
0.3799451505347242
0.6811078450161996
1.0857627463245707
0.8558284665726517
0.3867787622149287
0.9531366368618186
0.5423168968562516
0.8035498111554784
0.47630990944235396
0.6929269883642536
0.7345696542421396
0.5287859384728302
0.5614533981597205
0.4589933669135613
0.5936170380185908
0.8852345171656381
0.8534499960857156
0.6291584301456348
1.0306945548141688
0.7723447447994329
0.6540455644803517
0.6813487797730368
0.6579349458952597
0.6624645579500565
0.8210388064854388
0.8082330021749806
0.7867722720043376
0.9617091825216354
0.8699354358748789
0.8100553895099958
0.8853342762667356
0.6997187268853088
0.7550042680819575
0.7025742438302865
0.8708824751502815
1.0128275820302166
0.48614495725226425
1.3487252988155487
0.9404136221332405
1.0307518376305729
0.7926605648069928
1.0569940527767954
0.9362014634645781
0.9999189951458316
0.8970215687598413
0.8553480263098006
0.9562136066733546
0.8195061729033744
0.4647557147846486
1.0295007670931302
0.5115796770991206
0.9287354498855487
0.7996169742814048
0.9932209383354995
0.6717821538997114
0.5639244748902199
0.8138542043234964
0.42833180127627957
1.0194059736866365
0.7400671293707344
1.0091706447985778
0.9285790907662343
0.9448210042605788
1.0849134146570685
0.9964345985396316
0.9147552246877462
0.9764702993563608
0.8053938032573722
1.0730095163070237
0.7715616003819435
0.931500359125607
0.6502399127428928
0.8486606488387562
1.1423852547437814
0.8472816256119657
0.9971258966523713
0.7620720028545673
1.0945589987760072
