1488.9
1496.9
1500.5
1524.3
1546.6
1571.1
1577.6
1580.5
1558.2
1553.6
1570.7
1553.9
1618.4
1667.2
1733.1
1763.9
1782.9
1814.9
1851.6
1855.8
1876.7
1878.2
1889.9
1951.9
1987.4
2004.3
1990.2
1958.6
1949.7
1952.6
1973.7
2014.1
2071.6
2104.3
2132.4
2143.9
2136.4
2152.8
2150.8
2184.1
2198.8
2195
2215.5
2189.2
2131
2143.6
2190.9
2239.7
2286.2
2345.5
2345.5
2354.1
2405.4
2393.9
2398.9
2369.3
2383.7
2427.1
2467.2
2517.5
2561
2590.3
2615.7
2625.1
2654.8
2688.2
2739.8
2760.3
2823.2
2855.7
2894.7
2900.5
2974
3014.6
3073.6
3144.5
3222.6
3234.8
3254.7
3283.7
3313.4
3310.7
3336.6
3360.8
3429.2
3488.3
3513.4
3528.1
3582.2
3590.6
3610.3
3593.3
3589.1
3597.4
3628.3
3587.6
3691.3
3712.8
3738.4
3749.2
3823.4
3910
3950.7
4018.7
4125
4168.3
4158
4192.5
4168.1
4176.5
4126.5
4098
4040.1
4075.6
4148.4
4206.7
4304.2
4341.2
4362
4398.4
4457.6
4535.9
4616.4
4616.6
4636
4804.8
4854.6
4925.8
4939.6
4949.3
4995.6
5011.4
5028.8
4922.5
4911.3
4986.3
5086.4
5048.1
5110.5
5056.8
4969.4
4996.9
4963.4
4964.8
5021.5
5142.2
5233.9
5342
5452.6
5544.3
5591.1
5627.1
5664.3
5710.9
5788.6
5839.6
5887.3
5901.9
5959
5981.7
6027.6
6095.8
6145.8
6254.1
6302
6372.8
6402
6487.4
6565.6
6599.7
6633.4
6663.4
6743.6
6760.8
6742.6
6713.3
6667.4
6692.1
6704.7
6749.4
6811.1
6873.8
6923.3
7015.1
7020.9
7056
7092.4
7182.1
7249.8
7346.3
7385.1
7476
7510.2
7528.6
7572.3
7645.2
7703.1
7820.4
7853.5
7947.9
8025.1
8145.6
8225.1
8276.9
8405.4
8448.7
8517.6
8662
8755.5
8801.8
8906.4
9071.1
9119.7
9233
9238.2
9274
9241.7
9224.3
9199.8
9283.5
9367.5
9376.7
9477.9
