0.00232725846961743
0.00104321137426812
0.00683444986908665
0.00630755621207209
0.00682582277911811
0.00179306897598763
0.000797602578462581
-0.0061713001626522
-0.00128398744901672
0.00475403117358523
-0.00467017704970694
0.0176628030749405
0.0129018318566822
0.0168359206416446
0.0076503379682688
0.0046530247485281
0.00772571566443141
0.00869447146846968
0.000983998276049519
0.00486368361031379
0.000346982213911322
0.00269698881026098
0.0140187390467297
0.00782772141604612
0.00367744098927867
-0.00306600457023708
-0.00695097173306031
-0.00197795848333189
0.000645493288252564
0.00466785614186141
0.00879988834307369
0.0122248728859349
0.00680175283966451
0.00576101866740544
0.0023358504229201
-0.0015219549787468
0.0033211154585984
-0.000403656950616515
0.00667249105085823
0.0029132094377531
-0.000751203715552825
0.00403722978949057
-0.00518631489716332
-0.0117019897562655
0.00256029865737222
0.00947880698953831
0.00956729463822168
0.00892437041557199
0.011121216868271
0
0.00158947004571522
0.00936239930527284
-0.00208130189846989
0.000906139708428368
-0.00539209001275214
0.0026315420466714
0.00783607377787213
0.00711668611494782
0.00876512285479268
0.00744009924277411
0.00494048707980923
0.00423786683495235
0.00155791959534957
0.00488595699146434
0.00542976778722256
0.00825728457901146
0.00323742408557115
0.00978535993010234
0.00497093618782433
0.00589097958218807
0.000869308681690664
0.0108680943823196
0.0058887306261057
0.0084176527055773
0.0099042515469481
0.0106548036945769
0.00164103167943524
0.00266352947976081
0.00385250904307574
0.00391039494788159
-0.000354039089409011
0.00338431664065618
0.00313852306939167
0.00875014652476102
0.00742101290935814
0.00311376899663443
0.00181328925893003
0.00660894333124932
0.00101719699858077
0.00237626481084243
-0.00204981395368938
-0.000507918531939785
0.00100317144716791
0.00371445847363735
-0.0048991734526071
0.0123753273467056
0.00252221272140722
0.00298421260528334
0.00125284033797126
0.0085111274637432
0.00972702157789548
0.0044972949909128
0.00741153449509648
0.0113383660040678
0.00453501548036005
-0.00107448337085358
0.00358858628267294
-0.002534941378399
0.000874355842152405
-0.00523063629651197
-0.00300989538018858
-0.00617983922419844
0.00379943872764708
0.00768907202140676
0.00606091590397817
0.00995090166579751
0.00371735117821222
0.00207586690466207
0.00360906125671173
0.00580637224447628
0.00756237664210126
0.00763996096846959
1.88148806226251e-05
0.00182118005649544
0.0155318875633475
0.00447813670129143
0.00632332284503919
0.00121500755353395
0.00085199725460791
0.00404387772502392
0.00137141171501355
0.00150529502408892
-0.00927863886334899
-0.000989261587684936
0.00658194099444193
0.0086321063537848
-0.00328256112185602
0.00533544317471706
-0.00458761530385242
-0.00757182166874498
0.00239670260036052
-0.00292138188683706
0.000122481875605847
0.00493170878845223
0.010315496994989
0.00767645663740456
0.00887846302441768
0.00889975554474058
0.00724308252148772
0.00365053818010212
0.0027873732003236
0.00286161382623347
0.00355830861391561
0.00586898470207614
0.00380955962202368
0.00353306688668722
0.00107567988961794
0.00418153875222461
0.00165124266006623
0.00331979612232118
0.00488628538400533
0.0035477135095134
0.00758639801808288
0.0033135777192051
0.00485189022727193
0.00198538074286077
0.00575500666953207
0.00520374393754427
0.00224977401974546
0.00221199200183778
0.00195969805732276
0.00519591749258736
0.00110628671069616
-0.00117069247105851
-0.00189134111150276
-0.00297954440477898
