0.232725846961743
0.104321137426812
0.683444986908665
0.630755621207209
0.682582277911811
0.179306897598763
0.0797602578462581
-0.61713001626522
-0.128398744901672
0.475403117358523
-0.467017704970694
1.76628030749405
1.29018318566822
1.68359206416446
0.76503379682688
0.46530247485281
0.772571566443141
0.869447146846968
0.0983998276049519
0.486368361031379
0.0346982213911322
0.269698881026098
1.40187390467297
0.782772141604612
0.367744098927867
-0.306600457023708
-0.695097173306031
-0.197795848333189
0.0645493288252564
0.466785614186141
0.87998883430737
1.22248728859349
0.680175283966451
0.576101866740544
0.23358504229201
-0.15219549787468
0.33211154585984
-0.0403656950616515
0.667249105085823
0.29132094377531
-0.0751203715552825
0.403722978949057
-0.518631489716332
-1.17019897562655
0.256029865737222
0.947880698953831
0.956729463822168
0.892437041557199
1.1121216868271
0
0.158947004571522
0.936239930527284
-0.208130189846989
0.0906139708428368
-0.539209001275214
0.26315420466714
0.783607377787213
0.711668611494782
0.876512285479268
0.744009924277411
0.494048707980923
0.423786683495235
0.155791959534957
0.488595699146434
0.542976778722256
0.825728457901146
0.323742408557115
0.978535993010234
0.497093618782433
0.589097958218807
0.0869308681690664
1.08680943823196
0.58887306261057
0.84176527055773
0.99042515469481
1.06548036945769
0.164103167943524
0.266352947976081
0.385250904307574
0.391039494788159
-0.0354039089409011
0.338431664065618
0.313852306939167
0.875014652476102
0.742101290935814
0.311376899663443
0.181328925893003
0.660894333124932
0.101719699858077
0.237626481084243
-0.204981395368938
-0.0507918531939785
0.100317144716791
0.371445847363735
-0.48991734526071
1.23753273467056
0.252221272140722
0.298421260528334
0.125284033797126
0.85111274637432
0.972702157789547
0.44972949909128
0.741153449509648
1.13383660040678
0.453501548036005
-0.107448337085358
0.358858628267294
-0.2534941378399
0.0874355842152405
-0.523063629651197
-0.300989538018858
-0.617983922419844
0.379943872764708
0.768907202140676
0.606091590397817
0.995090166579751
0.371735117821222
0.207586690466207
0.360906125671173
0.580637224447628
0.756237664210126
0.763996096846959
0.00188148806226251
0.182118005649544
1.55318875633475
0.447813670129143
0.632332284503919
0.121500755353395
0.085199725460791
0.404387772502392
0.137141171501355
0.150529502408892
-0.927863886334899
-0.0989261587684936
0.658194099444193
0.86321063537848
-0.328256112185602
0.533544317471706
-0.458761530385242
-0.757182166874498
0.239670260036052
-0.292138188683706
0.0122481875605847
0.493170878845223
1.0315496994989
0.767645663740456
0.887846302441768
0.889975554474058
0.724308252148772
0.365053818010212
0.27873732003236
0.286161382623347
0.355830861391561
0.586898470207614
0.380955962202368
0.353306688668722
0.107567988961794
0.418153875222461
0.165124266006623
0.331979612232118
0.488628538400533
0.35477135095134
0.758639801808288
0.33135777192051
0.485189022727193
0.198538074286077
0.575500666953207
0.520374393754427
0.224977401974546
0.221199200183778
0.195969805732276
0.519591749258736
0.110628671069616
-0.117069247105851
-0.189134111150276
-0.297954440477898
